0.16 0 2.0 0 0 0 0 0.0 0.0 0 0 0.0 0.0
0.001 0.002 2.0 0 0 0 0 0.0 0.0 5 0 0.0 0.0
0.7967889908256881 1.5935779816513762 2.0 0 0 0 0 0.0 0.0 0 0 0.0 0.0
0.001 0.002 2.0 0 0 0 0 0.0 0.0 -5 0 0.0 0.0
0.08 0 -2.0 -0.019 0 0 0 0.0 0.0 0 0 0.0 0.0
0.001 -0.002 -2.0 0 0 0 0 0.0 0.0 5 0 0.0 0.0
0.7967889908256881 -1.5935779816513762 -2.0 0 0 0 0 0.0 0.0 0 0 0.0 0.0
0.001 -0.002 -2.0 0 0 0 0 0.0 0.0 -5 0 0.0 0.0
0.08 0 2.0 -0.019 0 0 0 0.0 0.0 0 0 0.0 0.0
0.001 0.002 2.0 0 0 0 0 0.0 0.0 5 0 0.0 0.0
0.7967889908256881 1.5935779816513762 2.0 0 0 0 0 0.0 0.0 0 0 0.0 0.0
0.001 0.002 2.0 0 0 0 0 0.0 0.0 -5 0 0.0 0.0
0.08 0 -2.0 -0.019 0 0 0 0.0 0.0 0 0 0.0 0.0
0.001 -0.002 -2.0 0 0 0 0 0.0 0.0 5 0 0.0 0.0
0.7967889908256881 -1.5935779816513762 -2.0 0 0 0 0 0.0 0.0 0 0 0.0 0.0
0.001 -0.002 -2.0 0 0 0 0 0.0 0.0 -5 0 0.0 0.0
0.08 0 2.0 -0.019 0 0 0 0.0 0.0 0 0 0.0 0.0
0.001 0.002 2.0 0 0 0 0 0.0 0.0 5 0 0.0 0.0
0.7967889908256881 1.5935779816513762 2.0 0 0 0 0 0.0 0.0 0 0 0.0 0.0
0.001 0.002 2.0 0 0 0 0 0.0 0.0 -5 0 0.0 0.0
0.08 0 -2.0 -0.019 0 0 0 0.0 0.0 0 0 0.0 0.0
0.001 -0.002 -2.0 0 0 0 0 0.0 0.0 5 0 0.0 0.0
0.7967889908256881 -1.5935779816513762 -2.0 0 0 0 0 0.0 0.0 0 0 0.0 0.0
0.001 -0.002 -2.0 0 0 0 0 0.0 0.0 -5 0 0.0 0.0
0.08 0 2.0 -0.019 0 0 0 0.0 0.0 0 0 0.0 0.0
0.001 0.002 2.0 0 0 0 0 0.0 0.0 5 0 0.0 0.0
0.7967889908256881 1.5935779816513762 2.0 0 0 0 0 0.0 0.0 0 0 0.0 0.0
0.001 0.002 2.0 0 0 0 0 0.0 0.0 -5 0 0.0 0.0
0.08 0 -2.0 -0.019 0 0 0 0.0 0.0 0 0 0.0 0.0
0.001 -0.002 -2.0 0 0 0 0 0.0 0.0 5 0 0.0 0.0
0.7967889908256881 -1.5935779816513762 -2.0 0 0 0 0 0.0 0.0 0 0 0.0 0.0
0.001 -0.002 -2.0 0 0 0 0 0.0 0.0 -5 0 0.0 0.0
0.08 0 2.0 -0.019 0 0 0 0.0 0.0 0 0 0.0 0.0
0.001 0.002 2.0 0 0 0 0 0.0 0.0 5 0 0.0 0.0
0.7967889908256881 1.5935779816513762 2.0 0 0 0 0 0.0 0.0 0 0 0.0 0.0
0.001 0.002 2.0 0 0 0 0 0.0 0.0 -5 0 0.0 0.0
0.08 0 -2.0 -0.019 0 0 0 0.0 0.0 0 0 0.0 0.0
0.001 -0.002 -2.0 0 0 0 0 0.0 0.0 5 0 0.0 0.0
0.7967889908256881 -1.5935779816513762 -2.0 0 0 0 0 0.0 0.0 0 0 0.0 0.0
0.001 -0.002 -2.0 0 0 0 0 0.0 0.0 -5 0 0.0 0.0
0.08 0 2.0 -0.019 0 0 0 0.0 0.0 0 0 0.0 0.0
0.001 0.002 2.0 0 0 0 0 0.0 0.0 5 0 0.0 0.0
0.7967889908256881 1.5935779816513762 2.0 0 0 0 0 0.0 0.0 0 0 0.0 0.0
0.001 0.002 2.0 0 0 0 0 0.0 0.0 -5 0 0.0 0.0
0.08 0 -2.0 -0.019 0 0 0 0.0 0.0 0 0 0.0 0.0
0.001 -0.002 -2.0 0 0 0 0 0.0 0.0 5 0 0.0 0.0
0.7967889908256881 -1.5935779816513762 -2.0 0 0 0 0 0.0 0.0 0 0 0.0 0.0
0.001 -0.002 -2.0 0 0 0 0 0.0 0.0 -5 0 0.0 0.0
0.08 0 2.0 -0.019 0 0 0 0.0 0.0 0 0 0.0 0.0
0.001 0.002 2.0 0 0 0 0 0.0 0.0 5 0 0.0 0.0
0.7967889908256881 1.5935779816513762 2.0 0 0 0 0 0.0 0.0 0 0 0.0 0.0
0.001 0.002 2.0 0 0 0 0 0.0 0.0 -5 0 0.0 0.0
0.08 0 -2.0 -0.019 0 0 0 0.0 0.0 0 0 0.0 0.0
0.001 -0.002 -2.0 0 0 0 0 0.0 0.0 5 0 0.0 0.0
0.7967889908256881 -1.5935779816513762 -2.0 0 0 0 0 0.0 0.0 0 0 0.0 0.0
0.001 -0.002 -2.0 0 0 0 0 0.0 0.0 -5 0 0.0 0.0
0.08 0 2.0 -0.019 0 0 0 0.0 0.0 0 0 0.0 0.0
0.20730075133164202 0 0 0.266 0 0.001 0 0.0 0.0 0 0 0.0 0.0
0.16 0 2.0 0 0 0 0 0.0 0.0 0 0 0.0 0.0
0.001 0.002 2.0 0 0 0 0 0.0 0.0 5 0 0.0 0.0
0.7967889908256881 1.5935779816513762 2.0 0 0 0 0 0.0 0.0 0 0 0.0 0.0
0.001 0.002 2.0 0 0 0 0 0.0 0.0 -5 0 0.0 0.0
0.08 0 -2.0 -0.019 0 0 0 0.0 0.0 0 0 0.0 0.0
0.001 -0.002 -2.0 0 0 0 0 0.0 0.0 5 0 0.0 0.0
0.7967889908256881 -1.5935779816513762 -2.0 0 0 0 0 0.0 0.0 0 0 0.0 0.0
0.001 -0.002 -2.0 0 0 0 0 0.0 0.0 -5 0 0.0 0.0
0.08 0 2.0 -0.019 0 0 0 0.0 0.0 0 0 0.0 0.0
0.001 0.002 2.0 0 0 0 0 0.0 0.0 5 0 0.0 0.0
0.7967889908256881 1.5935779816513762 2.0 0 0 0 0 0.0 0.0 0 0 0.0 0.0
0.001 0.002 2.0 0 0 0 0 0.0 0.0 -5 0 0.0 0.0
0.08 0 -2.0 -0.019 0 0 0 0.0 0.0 0 0 0.0 0.0
0.001 -0.002 -2.0 0 0 0 0 0.0 0.0 5 0 0.0 0.0
0.7967889908256881 -1.5935779816513762 -2.0 0 0 0 0 0.0 0.0 0 0 0.0 0.0
0.001 -0.002 -2.0 0 0 0 0 0.0 0.0 -5 0 0.0 0.0
0.08 0 2.0 -0.019 0 0 0 0.0 0.0 0 0 0.0 0.0
0.001 0.002 2.0 0 0 0 0 0.0 0.0 5 0 0.0 0.0
0.7967889908256881 1.5935779816513762 2.0 0 0 0 0 0.0 0.0 0 0 0.0 0.0
0.001 0.002 2.0 0 0 0 0 0.0 0.0 -5 0 0.0 0.0
0.08 0 -2.0 -0.019 0 0 0 0.0 0.0 0 0 0.0 0.0
0.001 -0.002 -2.0 0 0 0 0 0.0 0.0 5 0 0.0 0.0
0.7967889908256881 -1.5935779816513762 -2.0 0 0 0 0 0.0 0.0 0 0 0.0 0.0
0.001 -0.002 -2.0 0 0 0 0 0.0 0.0 -5 0 0.0 0.0
0.08 0 2.0 -0.019 0 0 0 0.0 0.0 0 0 0.0 0.0
0.001 0.002 2.0 0 0 0 0 0.0 0.0 5 0 0.0 0.0
0.7967889908256881 1.5935779816513762 2.0 0 0 0 0 0.0 0.0 0 0 0.0 0.0
0.001 0.002 2.0 0 0 0 0 0.0 0.0 -5 0 0.0 0.0
0.08 0 -2.0 -0.019 0 0 0 0.0 0.0 0 0 0.0 0.0
0.001 -0.002 -2.0 0 0 0 0 0.0 0.0 5 0 0.0 0.0
0.7967889908256881 -1.5935779816513762 -2.0 0 0 0 0 0.0 0.0 0 0 0.0 0.0
0.001 -0.002 -2.0 0 0 0 0 0.0 0.0 -5 0 0.0 0.0
0.08 0 2.0 -0.019 0 0 0 0.0 0.0 0 0 0.0 0.0
0.001 0.002 2.0 0 0 0 0 0.0 0.0 5 0 0.0 0.0
0.7967889908256881 1.5935779816513762 2.0 0 0 0 0 0.0 0.0 0 0 0.0 0.0
0.001 0.002 2.0 0 0 0 0 0.0 0.0 -5 0 0.0 0.0
0.08 0 -2.0 -0.019 0 0 0 0.0 0.0 0 0 0.0 0.0
0.001 -0.002 -2.0 0 0 0 0 0.0 0.0 5 0 0.0 0.0
0.7967889908256881 -1.5935779816513762 -2.0 0 0 0 0 0.0 0.0 0 0 0.0 0.0
0.001 -0.002 -2.0 0 0 0 0 0.0 0.0 -5 0 0.0 0.0
0.08 0 2.0 -0.019 0 0 0 0.0 0.0 0 0 0.0 0.0
0.001 0.002 2.0 0 0 0 0 0.0 0.0 5 0 0.0 0.0
0.7967889908256881 1.5935779816513762 2.0 0 0 0 0 0.0 0.0 0 0 0.0 0.0
0.001 0.002 2.0 0 0 0 0 0.0 0.0 -5 0 0.0 0.0
0.08 0 -2.0 -0.019 0 0 0 0.0 0.0 0 0 0.0 0.0
0.001 -0.002 -2.0 0 0 0 0 0.0 0.0 5 0 0.0 0.0
0.7967889908256881 -1.5935779816513762 -2.0 0 0 0 0 0.0 0.0 0 0 0.0 0.0
0.001 -0.002 -2.0 0 0 0 0 0.0 0.0 -5 0 0.0 0.0
0.08 0 2.0 -0.019 0 0 0 0.0 0.0 0 0 0.0 0.0
0.001 0.002 2.0 0 0 0 0 0.0 0.0 5 0 0.0 0.0
0.7967889908256881 1.5935779816513762 2.0 0 0 0 0 0.0 0.0 0 0 0.0 0.0
0.001 0.002 2.0 0 0 0 0 0.0 0.0 -5 0 0.0 0.0
0.08 0 -2.0 -0.019 0 0 0 0.0 0.0 0 0 0.0 0.0
0.001 -0.002 -2.0 0 0 0 0 0.0 0.0 5 0 0.0 0.0
0.7967889908256881 -1.5935779816513762 -2.0 0 0 0 0 0.0 0.0 0 0 0.0 0.0
0.001 -0.002 -2.0 0 0 0 0 0.0 0.0 -5 0 0.0 0.0
0.08 0 2.0 -0.019 0 0 0 0.0 0.0 0 0 0.0 0.0
0.20730075133164202 0 0 0.266 0 0.001 0 0.0 0.0 0 0 0.0 0.0
0.16 0 2.0 0 0 0 0 0.0 0.0 0 0 0.0 0.0
0.001 0.002 2.0 0 0 0 0 0.0 0.0 5 0 0.0 0.0
0.7967889908256881 1.5935779816513762 2.0 0 0 0 0 0.0 0.0 0 0 0.0 0.0
0.001 0.002 2.0 0 0 0 0 0.0 0.0 -5 0 0.0 0.0
0.08 0 -2.0 -0.019 0 0 0 0.0 0.0 0 0 0.0 0.0
0.001 -0.002 -2.0 0 0 0 0 0.0 0.0 5 0 0.0 0.0
0.7967889908256881 -1.5935779816513762 -2.0 0 0 0 0 0.0 0.0 0 0 0.0 0.0
0.001 -0.002 -2.0 0 0 0 0 0.0 0.0 -5 0 0.0 0.0
0.08 0 2.0 -0.019 0 0 0 0.0 0.0 0 0 0.0 0.0
0.001 0.002 2.0 0 0 0 0 0.0 0.0 5 0 0.0 0.0
0.7967889908256881 1.5935779816513762 2.0 0 0 0 0 0.0 0.0 0 0 0.0 0.0
0.001 0.002 2.0 0 0 0 0 0.0 0.0 -5 0 0.0 0.0
0.08 0 -2.0 -0.019 0 0 0 0.0 0.0 0 0 0.0 0.0
0.001 -0.002 -2.0 0 0 0 0 0.0 0.0 5 0 0.0 0.0
0.7967889908256881 -1.5935779816513762 -2.0 0 0 0 0 0.0 0.0 0 0 0.0 0.0
0.001 -0.002 -2.0 0 0 0 0 0.0 0.0 -5 0 0.0 0.0
0.08 0 2.0 -0.019 0 0 0 0.0 0.0 0 0 0.0 0.0
0.001 0.002 2.0 0 0 0 0 0.0 0.0 5 0 0.0 0.0
0.7967889908256881 1.5935779816513762 2.0 0 0 0 0 0.0 0.0 0 0 0.0 0.0
0.001 0.002 2.0 0 0 0 0 0.0 0.0 -5 0 0.0 0.0
0.08 0 -2.0 -0.019 0 0 0 0.0 0.0 0 0 0.0 0.0
0.001 -0.002 -2.0 0 0 0 0 0.0 0.0 5 0 0.0 0.0
0.7967889908256881 -1.5935779816513762 -2.0 0 0 0 0 0.0 0.0 0 0 0.0 0.0
0.001 -0.002 -2.0 0 0 0 0 0.0 0.0 -5 0 0.0 0.0
0.08 0 2.0 -0.019 0 0 0 0.0 0.0 0 0 0.0 0.0
0.001 0.002 2.0 0 0 0 0 0.0 0.0 5 0 0.0 0.0
0.7967889908256881 1.5935779816513762 2.0 0 0 0 0 0.0 0.0 0 0 0.0 0.0
0.001 0.002 2.0 0 0 0 0 0.0 0.0 -5 0 0.0 0.0
0.08 0 -2.0 -0.019 0 0 0 0.0 0.0 0 0 0.0 0.0
0.001 -0.002 -2.0 0 0 0 0 0.0 0.0 5 0 0.0 0.0
0.7967889908256881 -1.5935779816513762 -2.0 0 0 0 0 0.0 0.0 0 0 0.0 0.0
0.001 -0.002 -2.0 0 0 0 0 0.0 0.0 -5 0 0.0 0.0
0.08 0 2.0 -0.019 0 0 0 0.0 0.0 0 0 0.0 0.0
0.001 0.002 2.0 0 0 0 0 0.0 0.0 5 0 0.0 0.0
0.7967889908256881 1.5935779816513762 2.0 0 0 0 0 0.0 0.0 0 0 0.0 0.0
0.001 0.002 2.0 0 0 0 0 0.0 0.0 -5 0 0.0 0.0
0.08 0 -2.0 -0.019 0 0 0 0.0 0.0 0 0 0.0 0.0
0.001 -0.002 -2.0 0 0 0 0 0.0 0.0 5 0 0.0 0.0
0.7967889908256881 -1.5935779816513762 -2.0 0 0 0 0 0.0 0.0 0 0 0.0 0.0
0.001 -0.002 -2.0 0 0 0 0 0.0 0.0 -5 0 0.0 0.0
0.08 0 2.0 -0.019 0 0 0 0.0 0.0 0 0 0.0 0.0
0.001 0.002 2.0 0 0 0 0 0.0 0.0 5 0 0.0 0.0
0.7967889908256881 1.5935779816513762 2.0 0 0 0 0 0.0 0.0 0 0 0.0 0.0
0.001 0.002 2.0 0 0 0 0 0.0 0.0 -5 0 0.0 0.0
0.08 0 -2.0 -0.019 0 0 0 0.0 0.0 0 0 0.0 0.0
0.001 -0.002 -2.0 0 0 0 0 0.0 0.0 5 0 0.0 0.0
0.7967889908256881 -1.5935779816513762 -2.0 0 0 0 0 0.0 0.0 0 0 0.0 0.0
0.001 -0.002 -2.0 0 0 0 0 0.0 0.0 -5 0 0.0 0.0
0.08 0 2.0 -0.019 0 0 0 0.0 0.0 0 0 0.0 0.0
0.001 0.002 2.0 0 0 0 0 0.0 0.0 5 0 0.0 0.0
0.7967889908256881 1.5935779816513762 2.0 0 0 0 0 0.0 0.0 0 0 0.0 0.0
0.001 0.002 2.0 0 0 0 0 0.0 0.0 -5 0 0.0 0.0
0.08 0 -2.0 -0.019 0 0 0 0.0 0.0 0 0 0.0 0.0
0.001 -0.002 -2.0 0 0 0 0 0.0 0.0 5 0 0.0 0.0
0.7967889908256881 -1.5935779816513762 -2.0 0 0 0 0 0.0 0.0 0 0 0.0 0.0
0.001 -0.002 -2.0 0 0 0 0 0.0 0.0 -5 0 0.0 0.0
0.08 0 2.0 -0.019 0 0 0 0.0 0.0 0 0 0.0 0.0
0.20730075133164202 0 0 0.266 0 0.001 0 0.0 0.0 0 0 0.0 0.0
0.16 0 2.0 0 0 0 0 0.0 0.0 0 0 0.0 0.0
0.001 0.002 2.0 0 0 0 0 0.0 0.0 5 0 0.0 0.0
0.7967889908256881 1.5935779816513762 2.0 0 0 0 0 0.0 0.0 0 0 0.0 0.0
0.001 0.002 2.0 0 0 0 0 0.0 0.0 -5 0 0.0 0.0
0.08 0 -2.0 -0.019 0 0 0 0.0 0.0 0 0 0.0 0.0
0.001 -0.002 -2.0 0 0 0 0 0.0 0.0 5 0 0.0 0.0
0.7967889908256881 -1.5935779816513762 -2.0 0 0 0 0 0.0 0.0 0 0 0.0 0.0
0.001 -0.002 -2.0 0 0 0 0 0.0 0.0 -5 0 0.0 0.0
0.08 0 2.0 -0.019 0 0 0 0.0 0.0 0 0 0.0 0.0
0.001 0.002 2.0 0 0 0 0 0.0 0.0 5 0 0.0 0.0
0.7967889908256881 1.5935779816513762 2.0 0 0 0 0 0.0 0.0 0 0 0.0 0.0
0.001 0.002 2.0 0 0 0 0 0.0 0.0 -5 0 0.0 0.0
0.08 0 -2.0 -0.019 0 0 0 0.0 0.0 0 0 0.0 0.0
0.001 -0.002 -2.0 0 0 0 0 0.0 0.0 5 0 0.0 0.0
0.7967889908256881 -1.5935779816513762 -2.0 0 0 0 0 0.0 0.0 0 0 0.0 0.0
0.001 -0.002 -2.0 0 0 0 0 0.0 0.0 -5 0 0.0 0.0
0.08 0 2.0 -0.019 0 0 0 0.0 0.0 0 0 0.0 0.0
0.001 0.002 2.0 0 0 0 0 0.0 0.0 5 0 0.0 0.0
0.7967889908256881 1.5935779816513762 2.0 0 0 0 0 0.0 0.0 0 0 0.0 0.0
0.001 0.002 2.0 0 0 0 0 0.0 0.0 -5 0 0.0 0.0
0.08 0 -2.0 -0.019 0 0 0 0.0 0.0 0 0 0.0 0.0
0.001 -0.002 -2.0 0 0 0 0 0.0 0.0 5 0 0.0 0.0
0.7967889908256881 -1.5935779816513762 -2.0 0 0 0 0 0.0 0.0 0 0 0.0 0.0
0.001 -0.002 -2.0 0 0 0 0 0.0 0.0 -5 0 0.0 0.0
0.08 0 2.0 -0.019 0 0 0 0.0 0.0 0 0 0.0 0.0
0.001 0.002 2.0 0 0 0 0 0.0 0.0 5 0 0.0 0.0
0.7967889908256881 1.5935779816513762 2.0 0 0 0 0 0.0 0.0 0 0 0.0 0.0
0.001 0.002 2.0 0 0 0 0 0.0 0.0 -5 0 0.0 0.0
0.08 0 -2.0 -0.019 0 0 0 0.0 0.0 0 0 0.0 0.0
0.001 -0.002 -2.0 0 0 0 0 0.0 0.0 5 0 0.0 0.0
0.7967889908256881 -1.5935779816513762 -2.0 0 0 0 0 0.0 0.0 0 0 0.0 0.0
0.001 -0.002 -2.0 0 0 0 0 0.0 0.0 -5 0 0.0 0.0
0.08 0 2.0 -0.019 0 0 0 0.0 0.0 0 0 0.0 0.0
0.001 0.002 2.0 0 0 0 0 0.0 0.0 5 0 0.0 0.0
0.7967889908256881 1.5935779816513762 2.0 0 0 0 0 0.0 0.0 0 0 0.0 0.0
0.001 0.002 2.0 0 0 0 0 0.0 0.0 -5 0 0.0 0.0
0.08 0 -2.0 -0.019 0 0 0 0.0 0.0 0 0 0.0 0.0
0.001 -0.002 -2.0 0 0 0 0 0.0 0.0 5 0 0.0 0.0
0.7967889908256881 -1.5935779816513762 -2.0 0 0 0 0 0.0 0.0 0 0 0.0 0.0
0.001 -0.002 -2.0 0 0 0 0 0.0 0.0 -5 0 0.0 0.0
0.08 0 2.0 -0.019 0 0 0 0.0 0.0 0 0 0.0 0.0
0.001 0.002 2.0 0 0 0 0 0.0 0.0 5 0 0.0 0.0
0.7967889908256881 1.5935779816513762 2.0 0 0 0 0 0.0 0.0 0 0 0.0 0.0
0.001 0.002 2.0 0 0 0 0 0.0 0.0 -5 0 0.0 0.0
0.08 0 -2.0 -0.019 0 0 0 0.0 0.0 0 0 0.0 0.0
0.001 -0.002 -2.0 0 0 0 0 0.0 0.0 5 0 0.0 0.0
0.7967889908256881 -1.5935779816513762 -2.0 0 0 0 0 0.0 0.0 0 0 0.0 0.0
0.001 -0.002 -2.0 0 0 0 0 0.0 0.0 -5 0 0.0 0.0
0.08 0 2.0 -0.019 0 0 0 0.0 0.0 0 0 0.0 0.0
0.001 0.002 2.0 0 0 0 0 0.0 0.0 5 0 0.0 0.0
0.7967889908256881 1.5935779816513762 2.0 0 0 0 0 0.0 0.0 0 0 0.0 0.0
0.001 0.002 2.0 0 0 0 0 0.0 0.0 -5 0 0.0 0.0
0.08 0 -2.0 -0.019 0 0 0 0.0 0.0 0 0 0.0 0.0
0.001 -0.002 -2.0 0 0 0 0 0.0 0.0 5 0 0.0 0.0
0.7967889908256881 -1.5935779816513762 -2.0 0 0 0 0 0.0 0.0 0 0 0.0 0.0
0.001 -0.002 -2.0 0 0 0 0 0.0 0.0 -5 0 0.0 0.0
0.08 0 2.0 -0.019 0 0 0 0.0 0.0 0 0 0.0 0.0
0.20730075133164202 0 0 0.266 0 0.001 0 0.0 0.0 0 0 0.0 0.0
0.3580521509977361 0.7967889908256881 0 -0.1235 0 0 0 0.0 0.0 0 0 0.0 0.0
0.16 -0.002 2.0 0 0 0 0 0.0 0.0 0 0 0.0 0.0
0.001 0.002 2.0 0.0 0 0.0 0 0.0 0.0 5 0 0.0 0.0
0.0037306412761378793 2.9085361479749637e-19 -2.0 0.00475 1.2246467991473532e-16 0 0 0.0 0.0 0 0 0.0 0.0
0.007461282552275759 -0.0095 -2.4492935982947064e-16 -0.004749999999999999 -2.0 0 0 0.0 0.0 0 0 0.0 0.0
0.011191923828413637 0.009499999999999995 2.0 -0.01425 -3.6739403974420594e-16 0 0 0.0 0.0 0 0 0.0 0.0
0.014922565104551517 0.019000000000000003 4.898587196589413e-16 0.014249999999999994 2.0 0 0 0.0 0.0 0 0 0.0 0.0
0.018653206380689395 -0.018999999999999993 -2.0 0.023750000000000004 6.123233995736766e-16 0 0 0.0 0.0 0 0 0.0 0.0
0.022383847656827275 -0.028500000000000004 -7.347880794884119e-16 -0.023749999999999986 -2.0 0 0 0.0 0.0 0 0 0.0 0.0
0.026114488932965158 0.028499999999999987 2.0 -0.033250000000000016 -8.572527594031472e-16 0 0 0.0 0.0 0 0 0.0 0.0
0.029845130209103034 0.03800000000000001 9.797174393178826e-16 0.03324999999999998 2.0 0 0 0.0 0.0 0 0 0.0 0.0
0.033575771485240914 -0.03799999999999998 -2.0 0.04275000000000002 1.102182119232618e-15 0 0 0.0 0.0 0 0 0.0 0.0
0.03730641276137879 -0.04750000000000002 -1.2246467991473533e-15 -0.042749999999999976 -2.0 0 0 0.0 0.0 0 0 0.0 0.0
0.04103705403751667 0.04749999999999987 2.0 -0.05225000000000002 -4.899825157862589e-15 0 0 0.0 0.0 0 0 0.0 0.0
0.04476769531365455 0.05700000000000012 1.4695761589768238e-15 0.052249999999999956 2.0 0 0 0.0 0.0 0 0 0.0 0.0
0.04849833658979243 -0.05700000000000007 -2.0 0.06175000000000005 -1.9606728399089416e-15 0 0 0.0 0.0 0 0 0.0 0.0
0.052228977865930316 -0.06649999999999995 -1.7145055188062944e-15 -0.06174999999999995 -2.0 0 0 0.0 0.0 0 0 0.0 0.0
0.055959619142068186 0.0664999999999998 2.0 -0.07125000000000005 -5.3896838775215305e-15 0 0 0.0 0.0 0 0 0.0 0.0
0.05969026041820607 0.07600000000000019 1.959434878635765e-15 0.07124999999999992 2.0 0 0 0.0 0.0 0 0 0.0 0.0
0.001 0.0 0 0.002 2.0 0.0 0 0.0 0.0 -5 0 0.0 0.0
0.11127239001672178 -0.076 0 -0.002 0 0.001 0 0.0 0.0 0 0 0.0 0.0
0.16 -0.002 2.0 0 0 0 0 0.0 0.0 0 0 0.0 0.0
0.001 0.002 2.0 0.0 0 0.0 0 0.0 0.0 5 0 0.0 0.0
0.0037306412761378793 2.9085361479749637e-19 -2.0 0.00475 1.2246467991473532e-16 0 0 0.0 0.0 0 0 0.0 0.0
0.007461282552275759 -0.0095 -2.4492935982947064e-16 -0.004749999999999999 -2.0 0 0 0.0 0.0 0 0 0.0 0.0
0.011191923828413637 0.009499999999999995 2.0 -0.01425 -3.6739403974420594e-16 0 0 0.0 0.0 0 0 0.0 0.0
0.014922565104551517 0.019000000000000003 4.898587196589413e-16 0.014249999999999994 2.0 0 0 0.0 0.0 0 0 0.0 0.0
0.018653206380689395 -0.018999999999999993 -2.0 0.023750000000000004 6.123233995736766e-16 0 0 0.0 0.0 0 0 0.0 0.0
0.022383847656827275 -0.028500000000000004 -7.347880794884119e-16 -0.023749999999999986 -2.0 0 0 0.0 0.0 0 0 0.0 0.0
0.026114488932965158 0.028499999999999987 2.0 -0.033250000000000016 -8.572527594031472e-16 0 0 0.0 0.0 0 0 0.0 0.0
0.029845130209103034 0.03800000000000001 9.797174393178826e-16 0.03324999999999998 2.0 0 0 0.0 0.0 0 0 0.0 0.0
0.033575771485240914 -0.03799999999999998 -2.0 0.04275000000000002 1.102182119232618e-15 0 0 0.0 0.0 0 0 0.0 0.0
0.03730641276137879 -0.04750000000000002 -1.2246467991473533e-15 -0.042749999999999976 -2.0 0 0 0.0 0.0 0 0 0.0 0.0
0.04103705403751667 0.04749999999999987 2.0 -0.05225000000000002 -4.899825157862589e-15 0 0 0.0 0.0 0 0 0.0 0.0
0.04476769531365455 0.05700000000000012 1.4695761589768238e-15 0.052249999999999956 2.0 0 0 0.0 0.0 0 0 0.0 0.0
0.04849833658979243 -0.05700000000000007 -2.0 0.06175000000000005 -1.9606728399089416e-15 0 0 0.0 0.0 0 0 0.0 0.0
0.052228977865930316 -0.06649999999999995 -1.7145055188062944e-15 -0.06174999999999995 -2.0 0 0 0.0 0.0 0 0 0.0 0.0
0.055959619142068186 0.0664999999999998 2.0 -0.07125000000000005 -5.3896838775215305e-15 0 0 0.0 0.0 0 0 0.0 0.0
0.05969026041820607 0.07600000000000019 1.959434878635765e-15 0.07124999999999992 2.0 0 0 0.0 0.0 0 0 0.0 0.0
0.001 0.0 0 0.002 2.0 0.0 0 0.0 0.0 -5 0 0.0 0.0
0.11127239001672178 -0.076 0 -0.002 0 0.001 0 0.0 0.0 0 0 0.0 0.0
0.16 -0.002 2.0 0 0 0 0 0.0 0.0 0 0 0.0 0.0
0.001 0.002 2.0 0.0 0 0.0 0 0.0 0.0 5 0 0.0 0.0
0.0037306412761378793 2.9085361479749637e-19 -2.0 0.00475 1.2246467991473532e-16 0 0 0.0 0.0 0 0 0.0 0.0
0.007461282552275759 -0.0095 -2.4492935982947064e-16 -0.004749999999999999 -2.0 0 0 0.0 0.0 0 0 0.0 0.0
0.011191923828413637 0.009499999999999995 2.0 -0.01425 -3.6739403974420594e-16 0 0 0.0 0.0 0 0 0.0 0.0
0.014922565104551517 0.019000000000000003 4.898587196589413e-16 0.014249999999999994 2.0 0 0 0.0 0.0 0 0 0.0 0.0
0.018653206380689395 -0.018999999999999993 -2.0 0.023750000000000004 6.123233995736766e-16 0 0 0.0 0.0 0 0 0.0 0.0
0.022383847656827275 -0.028500000000000004 -7.347880794884119e-16 -0.023749999999999986 -2.0 0 0 0.0 0.0 0 0 0.0 0.0
0.026114488932965158 0.028499999999999987 2.0 -0.033250000000000016 -8.572527594031472e-16 0 0 0.0 0.0 0 0 0.0 0.0
0.029845130209103034 0.03800000000000001 9.797174393178826e-16 0.03324999999999998 2.0 0 0 0.0 0.0 0 0 0.0 0.0
0.033575771485240914 -0.03799999999999998 -2.0 0.04275000000000002 1.102182119232618e-15 0 0 0.0 0.0 0 0 0.0 0.0
0.03730641276137879 -0.04750000000000002 -1.2246467991473533e-15 -0.042749999999999976 -2.0 0 0 0.0 0.0 0 0 0.0 0.0
0.04103705403751667 0.04749999999999987 2.0 -0.05225000000000002 -4.899825157862589e-15 0 0 0.0 0.0 0 0 0.0 0.0
0.04476769531365455 0.05700000000000012 1.4695761589768238e-15 0.052249999999999956 2.0 0 0 0.0 0.0 0 0 0.0 0.0
0.04849833658979243 -0.05700000000000007 -2.0 0.06175000000000005 -1.9606728399089416e-15 0 0 0.0 0.0 0 0 0.0 0.0
0.052228977865930316 -0.06649999999999995 -1.7145055188062944e-15 -0.06174999999999995 -2.0 0 0 0.0 0.0 0 0 0.0 0.0
0.055959619142068186 0.0664999999999998 2.0 -0.07125000000000005 -5.3896838775215305e-15 0 0 0.0 0.0 0 0 0.0 0.0
0.05969026041820607 0.07600000000000019 1.959434878635765e-15 0.07124999999999992 2.0 0 0 0.0 0.0 0 0 0.0 0.0
0.001 0.0 0 0.002 2.0 0.0 0 0.0 0.0 -5 0 0.0 0.0
0.11127239001672178 -0.076 0 -0.002 0 0.001 0 0.0 0.0 0 0 0.0 0.0
0.16 -0.002 2.0 0 0 0 0 0.0 0.0 0 0 0.0 0.0
0.001 0.002 2.0 0.0 0 0.0 0 0.0 0.0 5 0 0.0 0.0
0.0037306412761378793 2.9085361479749637e-19 -2.0 0.00475 1.2246467991473532e-16 0 0 0.0 0.0 0 0 0.0 0.0
0.007461282552275759 -0.0095 -2.4492935982947064e-16 -0.004749999999999999 -2.0 0 0 0.0 0.0 0 0 0.0 0.0
0.011191923828413637 0.009499999999999995 2.0 -0.01425 -3.6739403974420594e-16 0 0 0.0 0.0 0 0 0.0 0.0
0.014922565104551517 0.019000000000000003 4.898587196589413e-16 0.014249999999999994 2.0 0 0 0.0 0.0 0 0 0.0 0.0
0.018653206380689395 -0.018999999999999993 -2.0 0.023750000000000004 6.123233995736766e-16 0 0 0.0 0.0 0 0 0.0 0.0
0.022383847656827275 -0.028500000000000004 -7.347880794884119e-16 -0.023749999999999986 -2.0 0 0 0.0 0.0 0 0 0.0 0.0
0.026114488932965158 0.028499999999999987 2.0 -0.033250000000000016 -8.572527594031472e-16 0 0 0.0 0.0 0 0 0.0 0.0
0.029845130209103034 0.03800000000000001 9.797174393178826e-16 0.03324999999999998 2.0 0 0 0.0 0.0 0 0 0.0 0.0
0.033575771485240914 -0.03799999999999998 -2.0 0.04275000000000002 1.102182119232618e-15 0 0 0.0 0.0 0 0 0.0 0.0
0.03730641276137879 -0.04750000000000002 -1.2246467991473533e-15 -0.042749999999999976 -2.0 0 0 0.0 0.0 0 0 0.0 0.0
0.04103705403751667 0.04749999999999987 2.0 -0.05225000000000002 -4.899825157862589e-15 0 0 0.0 0.0 0 0 0.0 0.0
0.04476769531365455 0.05700000000000012 1.4695761589768238e-15 0.052249999999999956 2.0 0 0 0.0 0.0 0 0 0.0 0.0
0.04849833658979243 -0.05700000000000007 -2.0 0.06175000000000005 -1.9606728399089416e-15 0 0 0.0 0.0 0 0 0.0 0.0
0.052228977865930316 -0.06649999999999995 -1.7145055188062944e-15 -0.06174999999999995 -2.0 0 0 0.0 0.0 0 0 0.0 0.0
0.055959619142068186 0.0664999999999998 2.0 -0.07125000000000005 -5.3896838775215305e-15 0 0 0.0 0.0 0 0 0.0 0.0
0.05969026041820607 0.07600000000000019 1.959434878635765e-15 0.07124999999999992 2.0 0 0 0.0 0.0 0 0 0.0 0.0
0.001 0.0 0 0.002 2.0 0.0 0 0.0 0.0 -5 0 0.0 0.0
0.11127239001672178 -0.076 0 -0.002 0 0.001 0 0.0 0.0 0 0 0.0 0.0
0.16 -0.002 2.0 0 0 0 0 0.0 0.0 0 0 0.0 0.0
0.001 0.002 2.0 0.0 0 0.0 0 0.0 0.0 5 0 0.0 0.0
0.0037306412761378793 2.9085361479749637e-19 -2.0 0.00475 1.2246467991473532e-16 0 0 0.0 0.0 0 0 0.0 0.0
0.007461282552275759 -0.0095 -2.4492935982947064e-16 -0.004749999999999999 -2.0 0 0 0.0 0.0 0 0 0.0 0.0
0.011191923828413637 0.009499999999999995 2.0 -0.01425 -3.6739403974420594e-16 0 0 0.0 0.0 0 0 0.0 0.0
0.014922565104551517 0.019000000000000003 4.898587196589413e-16 0.014249999999999994 2.0 0 0 0.0 0.0 0 0 0.0 0.0
0.018653206380689395 -0.018999999999999993 -2.0 0.023750000000000004 6.123233995736766e-16 0 0 0.0 0.0 0 0 0.0 0.0
0.022383847656827275 -0.028500000000000004 -7.347880794884119e-16 -0.023749999999999986 -2.0 0 0 0.0 0.0 0 0 0.0 0.0
0.026114488932965158 0.028499999999999987 2.0 -0.033250000000000016 -8.572527594031472e-16 0 0 0.0 0.0 0 0 0.0 0.0
0.029845130209103034 0.03800000000000001 9.797174393178826e-16 0.03324999999999998 2.0 0 0 0.0 0.0 0 0 0.0 0.0
0.033575771485240914 -0.03799999999999998 -2.0 0.04275000000000002 1.102182119232618e-15 0 0 0.0 0.0 0 0 0.0 0.0
0.03730641276137879 -0.04750000000000002 -1.2246467991473533e-15 -0.042749999999999976 -2.0 0 0 0.0 0.0 0 0 0.0 0.0
0.04103705403751667 0.04749999999999987 2.0 -0.05225000000000002 -4.899825157862589e-15 0 0 0.0 0.0 0 0 0.0 0.0
0.04476769531365455 0.05700000000000012 1.4695761589768238e-15 0.052249999999999956 2.0 0 0 0.0 0.0 0 0 0.0 0.0
0.04849833658979243 -0.05700000000000007 -2.0 0.06175000000000005 -1.9606728399089416e-15 0 0 0.0 0.0 0 0 0.0 0.0
0.052228977865930316 -0.06649999999999995 -1.7145055188062944e-15 -0.06174999999999995 -2.0 0 0 0.0 0.0 0 0 0.0 0.0
0.055959619142068186 0.0664999999999998 2.0 -0.07125000000000005 -5.3896838775215305e-15 0 0 0.0 0.0 0 0 0.0 0.0
0.05969026041820607 0.07600000000000019 1.959434878635765e-15 0.07124999999999992 2.0 0 0 0.0 0.0 0 0 0.0 0.0
0.001 0.0 0 0.002 2.0 0.0 0 0.0 0.0 -5 0 0.0 0.0
0.11127239001672178 -0.076 0 -0.002 0 0.001 0 0.0 0.0 0 0 0.0 0.0
0.3580521509977361 -0.7967889908256881 0 0.12798165137614678 0 -0.009000000000000001 0 0.0 0.0 0 0 0.0 0.0
